1000
14 72 37
84 71 12
50 96 59
24 1 68
69 96 28
99 91 5
84 95 42
55 12 25
57 61 15
75 12 4
47 85 3
83 81 21
43 44 59
49 43 41
55 80 45
3 31 48
78 92 39
41 85 37
73 91 41
51 52 94
57 76 73
76 77 73
97 44 60
54 73 68
50 66 61
91 9 77
91 54 60
75 93 5
14 84 31
65 83 43
7 52 33
96 10 58
55 94 1
84 18 41
17 31 57
98 69 74
98 96 13
0 30 70
74 83 52
91 65 22
88 7 40
85 84 21
13 35 36
39 85 37
52 20 71
38 20 36
73 100 14
28 96 15
75 2 67
100 1 1
57 27 68
24 26 19
91 96 80
99 62 71
4 62 87
63 74 95
14 65 87
57 75 18
29 2 60
11 32 65
35 72 76
93 94 28
52 90 42
4 64 27
52 91 16
93 8 68
97 70 4
99 13 4
14 59 83
30 60 84
92 38 94
51 32 31
72 69 8
24 8 15
34 85 73
98 57 37
80 33 25
11 30 40
7 79 5
81 16 88
3 53 40
17 8 18
80 53 38
27 86 68
70 25 2
32 81 7
67 43 16
10 22 75
20 46 39
13 9 61
34 29 37
63 5 13
17 78 67
83 41 63
17 79 13
48 55 54
50 91 58
13 64 42
23 60 91
81 13 32
15 72 4
32 96 39
82 42 37
67 88 33
28 43 83
26 26 94
65 89 98
29 81 85
71 75 75
23 74 80
75 69 6
85 67 94
39 43 22
13 46 10
97 10 91
98 28 93
38 4 40
97 83 99
87 15 84
100 28 10
79 70 92
30 15 68
23 5 33
16 15 64
32 71 93
35 57 4
99 77 4
21 66 14
7 13 96
53 46 81
81 58 33
26 54 1
25 60 20
49 2 81
44 68 69
74 35 78
73 4 82
76 82 99
40 58 61
33 61 4
1 52 5
59 78 24
56 30 6
34 72 48
43 58 83
79 31 94
22 97 31
46 71 15
60 34 72
43 99 74
100 90 10
76 78 55
21 60 67
0 34 29
100 70 91
78 3 72
21 80 63
66 17 16
81 3 94
0 27 62
40 31 94
71 75 25
96 2 72
74 32 16
6 90 18
24 60 67
7 68 97
85 73 70
20 71 63
28 95 81
34 10 100
45 19 56
61 29 41
46 65 73
72 53 57
62 48 83
96 55 72
36 69 53
57 87 8
22 21 46
69 25 52
50 65 61
14 98 61
40 5 31
76 10 62
48 64 69
100 66 7
57 14 13
97 44 64
25 65 34
46 74 16
30 83 16
84 69 3
58 63 62
94 30 67
56 87 92
34 9 32
13 66 1
55 48 15
88 55 34
17 55 29
91 2 82
41 85 26
50 27 13
41 20 71
8 90 85
79 37 2
100 39 9
77 91 2
92 4 28
18 89 10
52 68 11
30 29 57
18 66 28
20 11 46
28 88 81
55 82 52
59 43 87
30 64 56
22 15 99
28 13 37
70 91 100
28 1 34
8 92 17
83 21 71
67 56 15
76 23 47
53 90 67
17 81 100
38 92 85
72 82 11
95 61 13
91 2 12
16 5 23
79 100 64
34 15 71
43 41 16
84 70 75
75 40 70
9 3 8
95 59 36
7 33 36
96 80 66
38 68 94
15 29 66
27 63 72
16 66 96
2 98 62
100 54 94
77 89 85
22 45 39
11 83 30
100 9 27
8 44 91
95 21 59
23 100 5
73 60 73
94 29 22
28 37 95
86 25 64
53 80 34
75 33 74
3 98 22
42 13 34
98 22 42
96 46 9
56 1 93
91 10 23
53 6 61
23 70 19
97 10 17
63 75 34
82 56 91
15 73 20
57 53 73
44 52 32
2 67 55
5 77 17
19 77 72
74 92 31
25 17 18
1 90 31
94 29 61
44 19 7
31 83 25
34 5 87
6 56 93
100 47 93
7 95 21
17 63 22
98 38 32
51 61 95
22 41 17
68 63 40
51 39 32
39 81 80
21 57 20
55 82 21
74 73 98
97 69 86
30 9 85
37 33 85
22 89 58
54 28 35
21 88 44
61 63 52
42 4 54
33 39 73
50 22 39
4 84 60
52 71 59
4 45 66
99 8 69
38 100 15
2 47 93
78 28 94
69 3 81
23 21 97
43 72 63
64 16 62
37 21 1
33 56 65
55 71 19
11 99 92
36 64 15
65 18 82
35 22 38
13 55 55
93 37 34
95 52 21
84 93 54
13 9 38
65 39 45
14 78 60
0 55 55
26 91 40
46 13 17
12 39 71
7 84 22
86 92 88
98 13 29
77 75 53
100 76 79
36 98 30
62 90 75
55 36 81
2 21 41
91 22 82
80 66 44
95 44 79
1 28 70
4 92 13
23 35 44
19 80 12
84 38 75
73 5 80
84 24 17
16 20 69
46 25 23
58 12 24
56 57 34
36 32 85
32 10 75
2 93 86
47 66 45
13 62 100
9 78 90
54 69 77
82 55 91
7 13 7
17 46 54
35 97 48
1 22 6
2 35 88
50 78 61
22 14 70
44 60 67
57 98 14
5 66 37
88 98 52
85 73 67
13 42 34
89 21 73
12 85 59
24 57 38
10 33 56
97 7 12
5 74 9
66 68 37
18 56 55
41 32 82
52 23 15
27 81 7
81 88 84
99 41 62
61 87 41
44 31 91
37 33 18
7 55 65
87 47 83
33 20 79
31 47 82
28 16 5
5 47 9
12 55 55
2 42 20
73 93 3
54 13 86
64 25 83
68 55 29
13 82 4
82 86 16
49 37 81
19 87 86
66 26 38
31 32 20
7 84 93
49 18 95
2 57 53
22 61 99
89 41 20
89 11 13
40 29 19
100 17 30
16 79 40
70 35 42
48 52 2
94 6 97
41 31 52
86 82 81
54 7 5
96 44 13
7 38 80
99 99 99
80 46 30
10 72 100
83 25 47
24 81 77
18 61 15
60 83 20
59 98 12
53 92 12
12 59 63
45 58 69
0 39 48
35 62 33
38 13 25
20 2 14
75 83 75
74 24 4
31 57 62
18 82 44
67 43 20
66 20 11
53 76 77
94 53 82
14 60 30
42 91 58
6 36 66
38 8 35
67 23 25
25 25 97
27 69 53
99 92 60
81 53 85
83 89 31
57 92 78
23 36 86
25 85 66
80 22 42
7 55 85
1 42 57
44 4 23
39 62 18
85 12 5
74 77 38
51 36 99
61 56 2
15 40 98
85 71 33
82 77 39
23 68 11
67 19 16
13 69 20
33 6 28
1 74 53
47 12 95
50 69 97
36 98 27
16 97 9
9 76 39
37 59 59
59 72 79
37 62 67
0 33 60
32 67 10
77 89 75
73 35 23
21 99 3
2 1 3
100 55 38
5 47 66
89 74 71
65 34 26
55 2 71
69 91 72
77 28 9
29 21 13
27 6 1
3 82 67
76 5 76
5 19 45
50 36 93
14 10 10
28 95 98
79 20 6
31 9 97
22 95 30
64 96 55
49 35 2
75 18 15
81 38 96
29 75 87
75 31 59
94 30 1
100 27 67
77 18 99
100 37 76
76 45 72
95 95 17
80 32 67
92 7 98
93 26 48
53 5 47
55 68 37
57 58 89
28 9 52
62 46 8
32 60 75
67 89 59
100 33 89
85 13 84
11 78 3
97 37 34
0 20 21
5 92 68
81 79 13
16 74 2
34 68 35
55 55 17
25 61 69
100 84 72
52 27 3
13 98 74
19 67 40
62 67 78
57 28 81
53 85 73
67 10 77
82 20 52
77 67 94
8 31 78
16 46 80
33 17 14
38 86 11
24 66 29
52 68 7
22 88 73
29 11 42
29 35 24
7 25 48
93 91 57
4 42 74
29 37 5
27 5 38
20 46 63
100 6 31
90 16 86
53 77 48
81 38 43
14 58 26
1 13 64
9 100 8
38 18 100
24 98 37
11 45 47
100 35 40
76 27 10
21 1 14
53 100 79
22 42 25
33 58 9
53 86 23
18 18 95
75 23 60
9 70 2
59 22 76
61 53 3
4 95 82
43 24 79
57 48 78
91 35 47
22 34 52
69 77 100
58 90 100
24 29 11
30 41 28
68 94 26
54 98 4
72 17 12
48 77 79
93 81 97
19 15 33
94 24 53
80 15 95
68 6 13
55 71 46
84 79 77
13 28 46
35 35 60
67 73 45
15 27 85
70 35 40
76 21 60
42 62 90
75 53 41
4 8 40
18 28 91
78 84 95
76 87 22
90 77 46
47 32 85
45 70 62
50 22 86
51 82 15
25 69 7
81 8 37
77 65 16
33 24 78
34 92 25
77 76 20
91 25 16
12 72 83
42 35 78
48 38 28
57 64 92
61 11 97
83 98 82
88 64 68
82 70 56
19 7 99
42 25 39
38 42 11
86 89 75
6 26 84
97 40 88
67 83 21
65 77 76
54 72 3
76 58 19
34 16 89
27 65 77
73 9 85
68 88 23
33 18 17
65 91 93
0 99 43
60 29 94
95 22 15
36 61 83
26 7 46
86 75 33
75 46 17
34 59 57
99 97 98
11 5 82
19 78 93
20 94 40
59 75 32
100 64 45
78 71 68
52 39 2
79 6 20
45 4 63
61 85 22
80 80 99
38 10 22
0 54 4
32 68 96
52 10 20
72 36 27
81 69 83
25 40 82
72 73 82
74 3 72
52 27 39
63 97 5
5 20 37
89 80 48
31 37 19
49 32 95
19 38 41
2 9 3
68 45 5
6 90 7
81 4 75
25 63 58
47 8 15
11 69 57
49 47 74
12 83 57
98 42 24
86 23 47
26 57 61
90 14 81
100 60 84
30 5 25
59 60 85
23 17 75
55 37 9
88 45 37
79 7 62
34 44 71
29 23 13
25 43 2
9 67 98
17 73 94
16 43 68
75 56 53
67 60 11
51 7 31
72 21 28
94 41 86
75 18 61
62 57 13
44 7 12
89 84 47
59 82 94
19 13 36
30 5 55
10 9 17
20 73 83
4 47 1
50 45 96
86 33 83
61 12 61
5 4 81
42 65 78
15 90 92
73 94 45
75 55 81
17 43 82
60 86 100
99 3 95
17 24 45
78 56 13
93 73 87
4 1 83
80 60 28
28 74 83
95 11 94
62 17 11
62 87 92
86 41 9
25 74 22
28 12 87
75 28 25
45 54 78
83 56 97
100 6 94
43 86 20
2 94 46
63 39 40
55 58 79
52 44 12
16 58 27
59 89 41
13 62 69
8 20 80
84 58 8
65 70 12
63 4 15
19 32 19
60 87 90
90 98 72
17 69 21
50 82 26
23 7 3
10 38 38
77 31 9
87 40 57
85 85 34
41 54 55
51 76 26
100 66 13
21 94 36
4 79 33
4 86 31
90 37 82
79 12 10
77 46 25
82 93 96
46 18 82
17 75 28
41 5 75
1 94 5
88 27 3
84 30 23
18 13 17
90 22 23
75 96 31
25 55 35
91 88 3
46 13 25
19 23 85
95 23 15
97 14 17
67 3 26
95 33 26
14 30 25
96 23 79
84 53 47
85 16 71
66 96 69
6 68 91
73 66 59
48 16 37
51 65 58
31 90 6
8 100 13
95 85 81
38 27 52
19 53 6
16 35 59
65 77 89
16 81 32
69 44 38
47 74 14
83 45 78
73 67 79
45 38 11
27 61 19
55 83 24
24 84 57
75 97 39
12 8 16
52 22 97
44 62 13
95 11 94
43 48 99
85 55 91
46 13 67
56 82 23
16 54 82
84 79 48
21 81 30
33 69 55
91 41 56
91 77 4
33 29 79
41 97 68
2 20 12
97 58 73
9 72 95
7 83 47
100 91 18
39 68 89
71 28 4
91 2 11
47 88 70
24 100 35
24 24 77
31 15 100
49 22 17
50 95 41
29 71 99
100 97 2
71 59 9
57 85 91
10 28 72
100 61 33
0 92 67
26 20 90
70 72 24
58 91 89
16 81 80
29 25 59
46 60 37
54 28 31
48 69 67
15 19 12
16 48 34
23 24 41
23 3 100
19 71 93
61 71 58
31 9 89
88 56 9
52 29 5
61 30 32
79 46 84
38 3 52
90 67 82
46 59 25
22 20 89
47 92 81
99 60 89
16 86 48
60 52 78
14 46 40
38 6 39
62 46 1
34 44 91
52 71 98
37 13 100
100 91 42
56 65 95
77 46 98
83 27 46
66 75 25
100 18 7
37 29 63
71 86 34
38 73 58
85 93 63
29 36 86
45 12 15
10 33 21
19 32 69
70 67 75
93 54 6
34 64 3
92 40 17
38 96 19
89 86 90
43 97 35
39 42 75
87 20 40
49 79 11
82 98 10
42 8 52
34 66 96
82 2 69
74 29 63
87 57 12
100 23 20
98 80 87
8 64 34
100 89 79
29 42 62
42 67 86
16 88 96
99 26 64
100 89 96
51 9 46
42 33 100
34 14 7
87 12 14
31 11 98
58 99 46
45 39 5
23 79 47
42 93 80
21 61 42
81 40 43
88 17 100
35 64 17
59 8 29
30 74 67
58 20 9
68 85 59
60 38 13
9 67 78
89 48 39
84 75 56
82 32 14
53 22 1
67 45 63
3 75 98
80 5 56
3 66 73
38 87 35
31 20 6
57 76 70
24 89 95
71 28 11
37 3 58
77 75 10
48 62 3
37 65 24
67 95 83
77 21 90
98 87 25
26 2 42
78 21 43
32 47 87
45 3 87
46 26 68
68 82 88
19 95 1
